"Id","Titre","Artiste","Année","Durée","Genre"
1,"Like a Rolling Stone ","Bob Dylan",1965,00:06:11,"Folk"
2,"(I Can't Get No) Satisfaction ","The Rolling Stones",1965,00:03:42,"Rock"
3,"Imagine ","John Lennon",1971,00:03:07,"Pop"
4,"What's Going On ","Marvin Gaye",1971,00:03:53,"Soul – R&B"
5,"Respect ","Aretha Franklin",1967,00:02:25,"Pop"
6,"Good Vibrations ","The Beach Boys",1966,00:03:57,"Pop"
7,"Johnny B. Goode ","Chuck Berry",1957,00:02:49,"Pop"
8,"Hey Jude ","The Beatles",1968,00:03:58,"Rock"
9,"Smells Like Teen Spirit ","Nirvana",1991,00:05:01,"Rock"
10,"What'd I Say ","Ray Charles",1959,00:06:27,"Pop"
11,"My Generation ","The Who",1965,00:03:17,"Rock"
12,"A Change Is Gonna Come ","Sam Cooke",1963,00:03:16,"Soul – R&B"
13,"Yesterday ","The Beatles",1965,00:02:55,"Rock"
14,"Blowin' in the Wind ","Bob Dylan",1962,00:02:47,"Folk"
15,"London Calling ","The Clash",1979,00:03:19,"Rock"
16,"I Want to Hold Your Hand ","The Beatles",1963,00:02:26,"Rock"
17,"Purple Haze ","The Jimi Hendrix Experience",1967,00:02:51,"Pop"
18,"Maybellene ","Chuck Berry",1955,00:02:21,"Pop"
19,"Hound Dog ","Elvis Presley",1956,00:02:18,"Rock"
20,"Let It Be ","The Beatles",1970,00:04:02,"Rock"
21,"Born to Run ","Bruce Springsteen",1975,00:04:29,"Rock"
22,"Be My Baby ","The Ronettes",1963,00:02:40,"Pop"
23,"In My Life ","The Beatles",1965,00:02:26,"Rock"
24,"People Get Ready ","The Impressions",1965,00:02:42,"Soul – R&B"
25,"God Only Knows ","The Beach Boys",1966,00:02:51,"Pop"
26,"A Day in the Life ","The Beatles",1967,00:05:07,"Rock"
27,"Layla ","Derek and the Dominos",1970,00:07:08,"Rock"
28,"(Sittin' on) The Dock of the Bay ","Otis Redding",1968,00:02:42,"Soul – R&B"
29,"Help! ","The Beatles",1965,00:02:19,"Rock"
30,"I Walk the Line ","Johnny Cash",1956,00:02:46,"Country"
31,"Stairway to Heaven ","Led Zeppelin",1971,00:08:02,"Rock"
32,"Sympathy for the Devil ","The Rolling Stones",1968,00:06:17,"Rock"
33,"River Deep, Mountain High ","Ike and Tina Turner",1966,00:04:00,"Blues"
34,"You've Lost That Lovin' Feelin' ","The Righteous Brothers",1964,00:03:45,"Pop"
35,"Light My Fire ","The Doors",1967,00:07:07,"Pop"
36,"One ","U2",1992,00:04:36,"Pop"
37,"No Woman, No Cry ","Bob Marley",1974,00:03:46,"Reggae"
38,"Gimme Shelter ","The Rolling Stones",1969,00:04:30,"Rock"
39,"That'll Be the Day ","Buddy Holly and the Crickets",1957,00:02:30,"Pop"
40,"Dancing in the Street ","Martha and the Vandellas",1964,00:02:39,"Soul – R&B"
41,"The Weight ","The Band",1968,00:04:38,"Rock"
42,"Waterloo Sunset ","The Kinks",1967,00:03:15,"Pop"
43,"Tutti Frutti ","Little Richard",1955,00:02:25,"Rock"
44,"Georgia on My Mind ","Ray Charles",1960,00:03:36,"Soul – R&B"
45,"Heartbreak Hotel ","Elvis Presley",1956,00:02:09,"Rock"
46,"Heroes ","David Bowie",1977,00:06:11,"Pop"
47,"Bridge over Troubled Water ","Simon and Garfunkel",1970,00:04:56,"Folk"
48,"All Along the Watchtower ","The Jimi Hendrix Experience",1968,00:03:58,"Pop"
49,"Hotel California ","Eagles",1977,00:07:26,"Rock"
50,"The Tracks of My Tears ","Smokey Robinson and the Miracles",1965,00:03:00,"Soul – R&B"
51,"The Message ","Grandmaster Flash and the Furious Five",1982,00:03:12,"Electro"
52,"When Doves Cry ","Prince",1984,00:05:52,"Pop"
53,"Anarchy in the U.K. ","Sex Pistols",1976,00:04:08,"Indé et Alternatif"
54,"When a Man Loves a Woman ","Percy Sledge",1966,00:02:55,"Soul – R&B"
55,"Louie Louie ","The Kingsmen",1963,00:02:45,"Rock"
56,"Long Tall Sally ","Little Richard",1956,00:02:12,"Rock"
57,"A Whiter Shade of Pale ","Procol Harum",1967,00:04:08,"Pop"
58,"Billie Jean ","Michael Jackson",1983,00:04:54,"Pop"
59,"The Times They Are a-Changin' ","Bob Dylan",1964,00:03:15,"Pop"
60,"Let's Stay Together ","Al Green",1971,00:03:19,"Soul – R&B"
61,"Whole Lotta Shakin' Goin' On ","Jerry Lee Lewis",1955,00:05:41,"Pop"
62,"Bo Diddley ","Bo Diddley",1955,00:02:31,"Jazz"
63,"For What It's Worth ","Buffalo Springfield",1967,00:02:33,"Country"
64,"She Loves You ","The Beatles",1963,00:02:22,"Rock"
65,"Sunshine of Your Love ","Cream",1967,00:04:10,"Pop"
66,"Redemption Song ","Bob Marley and the Wailers",1980,00:03:47,"Reggae"
67,"Jailhouse Rock ","Elvis Presley",1957,00:02:35,"Pop"
68,"Tangled Up in Blue ","Bob Dylan",1975,00:05:41,"Rock"
69,"Crying ","Roy Orbison",1962,00:02:48,"Pop"
70,"Walk On By ","Dionne Warwick",1964,00:02:19,"Pop"
71,"California Girls ","The Beach Boys",1965,00:02:45,"Rock"
72,"Papa's Got a Brand New Bag ","James Brown",1965,00:04:16,"Soul – R&B"
73,"Summertime Blues ","Eddie Cochran",1958,00:01:59,"Blues"
74,"Superstition ","Stevie Wonder",1972,00:04:25,"Jazz"
75,"Whole Lotta Love ","Led Zeppelin",1969,00:05:34,"Rock"
76,"Strawberry Fields Forever ","The Beatles",1967,00:04:08,"Rock"
77,"Mystery Train ","Elvis Presley",1955,00:02:26,"Pop"
78,"I Got You (I Feel Good) ","James Brown",1965,00:02:45,"Soul – R&B"
79,"Mr. Tambourine Man ","The Byrds",1965,00:02:29,"Rock"
80,"I Heard It Through the Grapevine ","Marvin Gaye",1968,00:03:51,"Soul – R&B"
81,"Blueberry Hill ","Fats Domino",1956,00:02:24,"Pop"
82,"You Really Got Me ","The Kinks",1964,00:02:14,"Rock"
83,"Norwegian Wood (This Bird Has Flown) ","The Beatles",1965,00:02:05,"Rock"
84,"Every Breath You Take ","The Police",1983,00:04:12,"Pop"
85,"Crazy ","Patsy Cline",1961,00:02:44,"Country"
86,"Thunder Road ","Bruce Springsteen",1975,00:04:49,"Rock"
87,"Ring of Fire ","Johnny Cash",1963,00:02:37,"Country"
88,"My Girl ","The Temptations",1964,00:02:55,"Blues"
89,"California Dreamin' ","The Mamas and the Papas",1965,00:02:38,"Pop"
90,"In the Still of the Night ","The Five Satins",1956,00:03:04,"Jazz"
91,"Suspicious Minds ","Elvis Presley",1969,00:03:44,"Pop"
92,"Blitzkrieg Bop ","Ramones",1976,00:02:03,"Rock"
93,"I Still Haven't Found What I'm Looking For ","U2",1987,00:04:37,"Rock"
94,"Good Golly, Miss Molly ","Little Richard",1958,00:02:10,"Rock"
95,"Blue Suede Shoes ","Carl Perkins",1956,00:02:14,"Rock"
96,"Great Balls of Fire ","Jerry Lee Lewis",1957,00:01:51,"Rock"
97,"Roll Over Beethoven ","Chuck Berry",1956,00:02:22,"Rock"
98,"Love and Happiness ","Al Green",1973,00:05:06,"Soul – R&B"
99,"Fortunate Son ","Creedence Clearwater Revival",1969,00:02:17,"Country"
100,"You Can't Always Get What You Want ","The Rolling Stones",1969,00:07:28,"Rock"
101,"Voodoo Child (Slight Return) ","The Jimi Hendrix Experience",1970,00:05:13,"Pop"
102,"Be-Bop-A-Lula ","Gene Vincent and His Blue Caps",1956,00:02:38,"Pop"
103,"Hot Stuff ","Donna Summer",1979,00:05:15,"Soul – R&B"
104,"Living for the City ","Stevie Wonder",1973,00:07:22,"Soul – R&B"
105,"The Boxer ","Simon and Garfunkel",1969,00:05:12,"Folk"
106,"Mr. Tambourine Man ","Bob Dylan",1965,00:05:26,"Rock"
107,"Not Fade Away ","Buddy Holly and the Crickets",1957,00:02:22,"Pop"
108,"Little Red Corvette ","Prince",1983,00:04:56,"Pop"
109,"Brown Eyed Girl ","Van Morrison",1967,00:03:05,"Rock"
110,"I've Been Loving You Too Long (to Stop Now) ","Otis Redding",1965,00:02:56,"Soul – R&B"
111,"I'm So Lonesome I Could Cry ","Hank Williams",1949,00:02:48,"Country"
112,"That's All Right ","Elvis Presley",1954,00:01:55,"Rock"
113,"Up on the Roof ","The Drifters",1963,00:02:36,"Jazz"
114,"Da Doo Ron Ron ","The Crystals",1963,00:02:20,"Pop"
115,"You Send Me ","Sam Cooke",1957,00:02:43,"Soul – R&B"
116,"Honky Tonk Women ","The Rolling Stones",1969,00:02:59,"Rock"
117,"Take Me to the River ","Al Green",1974,00:03:44,"Soul – R&B"
118,"Shout (Partie 1 et 2) ","The Isley Brothers",1959,00:04:43,"Rock"
119,"Go Your Own Way ","Fleetwood Mac",1977,00:03:38,"Pop"
120,"I Want You Back ","The Jackson Five",1969,00:02:58,"Pop"
121,"Stand by Me ","Ben E. King",1961,00:03:01,"Soul – R&B"
122,"The House of the Rising Sun ","The Animals",1964,00:04:26,"Pop"
123,"It's a Man's Man's Man's World ","James Brown",1966,00:02:47,"Soul – R&B"
124,"Jumpin' Jack Flash ","The Rolling Stones",1968,00:04:59,"Rock"
125,"Will You Love Me Tomorrow ","The Shirelles",1960,00:02:41,"Pop"
126,"Shake, Rattle and Roll ","Big Joe Turner",1954,00:03:01,"Blues"
127,"Changes ","David Bowie",1971,00:03:56,"Pop"
128,"Rock & Roll Music ","Chuck Berry",1957,00:02:35,"Rock"
129,"Born to Be Wild ","Steppenwolf",1968,00:03:31,"Rock"
130,"Maggie May ","Rod Stewart",1971,00:05:50,"Rock"
131,"With or Without You ","U2",1987,00:04:55,"Pop"
132,"Who Do You Love? ","Bo Diddley",1956,00:02:28,"Rock"
133,"Won't Get Fooled Again ","The Who",1971,00:08:31,"Rock"
134,"In the Midnight Hour ","Wilson Pickett",1965,00:02:37,"Soul – R&B"
135,"While My Guitar Gently Weeps ","The Beatles",1968,00:04:46,"Rock"
136,"Your Song ","Elton John",1970,00:04:02,"Pop"
137,"Eleanor Rigby ","The Beatles",1966,00:02:06,"Rock"
138,"Family Affair ","Sly and the Family Stone",1971,00:03:05,"Pop"
139,"I Saw Her Standing There ","The Beatles",1963,00:02:53,"Rock"
140,"Kashmir ","Led Zeppelin",1975,00:08:28,"Rock"
141,"All I Have to Do Is Dream ","The Everly Brothers",1958,00:02:21,"Pop"
142,"Please, Please, Please ","James Brown and His Famous Flames",1956,00:02:47,"Soul – R&B"
143,"Purple Rain ","Prince and the Revolution",1984,00:08:44,"Pop"
144,"I Wanna Be Sedated ","Ramones",1979,00:02:29,"Rock"
145,"Everyday People ","Sly and the Family Stone",1968,00:02:21,"Soul – R&B"
146,"Rock Lobster ","The B-52's",1978,00:06:51,"Pop"
147,"Lust for Life ","Iggy Pop",1977,00:05:13,"Rock"
148,"Me and Bobby McGee ","Janis Joplin",1971,00:04:29,"Rock"
149,"Cathy's Clown ","The Everly Brothers",1960,00:02:25,"Rock"
150,"Eight Miles High ","The Byrds",1966,00:04:24,"Rock"
151,"Earth Angel ","The Penguins",1954,00:02:57,"Jazz"
152,"Foxey Lady ","The Jimi Hendrix Experience",1967,00:03:19,"Pop"
153,"A Hard Day's Night ","The Beatles",1964,00:02:34,"Rock"
154,"Rave On ","Buddy Holly and the Crickets",1958,00:01:50,"Rock"
155,"Proud Mary ","Creedence Clearwater Revival",1969,00:03:06,"Country"
156,"The Sound of Silence ","Simon and Garfunkel",1964,00:03:10,"Pop"
157,"I Only Have Eyes for You ","The Flamingos",1959,00:03:23,"Soul – R&B"
158,"(We're Gonna) Rock Around the Clock ","Bill Haley and His Comets",1955,00:02:09,"Rock"
159,"I'm Waiting for the Man ","The Velvet Underground",1966,00:04:36,"Pop"
160,"Bring the Noise ","Public Enemy",1987,00:06:37,"Electro"
161,"I Can't Stop Loving You ","Ray Charles",1962,00:04:16,"Blues"
162,"Nothing Compares 2 U ","Sinéad O'Connor",1990,00:04:40,"Pop"
163,"Bohemian Rhapsody ","Queen",1975,00:05:54,"Rock"
164,"Folsom Prison Blues ","Johnny Cash",1955,00:02:49,"Rock"
165,"Fast Car ","Tracy Chapman",1988,00:04:56,"Folk"
166,"Lose Yourself ","Eminem",2000,00:05:20,"Rap – Hip-Hop"
167,"Let's Get It On ","Marvin Gaye",1973,00:04:51,"Soul – R&B"
168,"Papa Was a Rollin' Stone ","The Temptations",1972,00:06:55,"Soul – R&B"
169,"Losing My Religion ","R.E.M.",1991,00:04:28,"Rock"
170,"Both Sides Now ","Joni Mitchell",1968,00:05:45,"Jazz"
171,"Dancing Queen ","ABBA",1976,00:03:51,"Electro"
172,"Dream On ","Aerosmith",1973,00:04:27,"Rock"
173,"God Save the Queen ","Sex Pistols",1977,00:03:19,"Indé et Alternatif"
174,"Paint It, Black ","The Rolling Stones",1966,00:03:22,"Rock"
175,"I Fought the Law ","The Bobby Fuller Four",1965,00:02:15,"Rock"
176,"Don't Worry Baby ","The Beach Boys",1964,00:02:49,"Rock"
177,"Free Fallin' ","Tom Petty",1989,00:04:15,"Rock"
178,"September Gurls ","Big Star",1974,00:03:01,"Rock"
179,"Love Will Tear Us Apart ","Joy Division",1980,00:03:24,"Indé et Alternatif"
180,"Hey Ya! ","OutKast",2003,00:03:55,"Rap – Hip-Hop"
181,"Green Onions ","Booker T. and the M.G.'s",1962,00:02:56,"Soul – R&B"
182,"Save the Last Dance for Me ","The Drifters",1960,00:02:29,"Soul – R&B"
183,"The Thrill Is Gone ","B. B. King",1969,00:05:25,"Blues"
184,"Please Please Me ","The Beatles",1963,00:02:00,"Rock"
185,"Desolation Row ","Bob Dylan",1965,00:11:19,"Folk"
186,"I Never Loved a Man (the Way I Love You) ","Aretha Franklin",1967,00:02:51,"Soul – R&B"
187,"Back in Black ","AC/DC",1980,00:04:15,"Rock"
188,"Who'll Stop the Rain ","Creedence Clearwater Revival",1970,00:02:26,"Rock"
189,"Stayin' Alive ","Bee Gees",1977,00:04:43,"Pop"
190,"Knockin' on Heaven's Door ","Bob Dylan",1973,00:02:30,"Folk"
191,"Free Bird ","Lynyrd Skynyrd",1974,00:09:18,"Rock"
192,"Wichita Lineman ","Glen Campbell",1968,00:03:06,"Country"
193,"There Goes My Baby ","The Drifters",1959,00:02:11,"Soul – R&B"
194,"Peggy Sue ","Buddy Holly",1957,00:02:30,"Rock"
195,"Maybe ","The Chantels",1957,00:02:56,"Soul – R&B"
196,"Sweet Child O' Mine ","Guns N' Roses",1988,00:05:56,"Rock"
197,"Don't Be Cruel ","Elvis Presley",1956,00:02:02,"Pop"
198,"Hey Joe ","The Jimi Hendrix Experience",1966,00:03:30,"Pop"
199,"Flash Light ","Parliament",1977,00:05:46,"Soul – R&B"
200,"Loser ","Beck",1993,00:03:55,"Pop"
201,"Bizarre Love Triangle ","New Order",1986,00:03:50,"Jazz"
202,"Come Together ","The Beatles",1969,00:04:19,"Rock"
203,"Positively 4th Street ","Bob Dylan",1965,00:04:07,"Rock"
204,"Try a Little Tenderness ","Otis Redding",1966,00:03:17,"Pop"
205,"Lean on Me ","Bill Withers",1972,00:04:18,"Soul – R&B"
206,"Reach Out I'll Be There ","The Four Tops",1966,00:03:02,"Pop"
207,"Bye Bye Love ","The Everly Brothers",1957,00:02:22,"Rock"
208,"Gloria ","Them",1964,00:02:40,"Rock"
209,"In My Room ","The Beach Boys",1963,00:02:13,"Jazz"
210,"96 Tears ","Question Mark and the Mysterians",1966,00:05:21,"Rock"
211,"Caroline, No ","The Beach Boys",1966,00:02:50,"Pop"
212,1999,"Prince",1982,00:06:19,"Pop"
213,"Your Cheatin' Heart ","Hank Williams",1953,00:02:43,"Country"
214,"Rockin' in the Free World ","Neil Young",1989,00:04:41,"Rock"
215,"Sh-Boom ","The Chords",1954,00:02:27,"Soul – R&B"
216,"Do You Believe in Magic ","The Lovin' Spoonful",1965,00:02:05,"Rock"
217,"Jolene ","Dolly Parton",1974,00:02:43,"Country"
218,"Boom Boom ","John Lee Hooker",1961,00:04:19,"Pop"
219,"Spoonful ","Howlin' Wolf",1960,00:02:42,"Blues"
220,"Walk Away Renée ","The Left Banke",1966,00:02:44,"Rock"
221,"Walk on the Wild Side ","Lou Reed",1972,00:04:15,"Indé et Alternatif"
222,"Oh, Pretty Woman ","Roy Orbison",1964,00:02:58,"Pop"
223,"Dance to the Music ","Sly and the Family Stone",1968,00:02:59,"Pop"
224,"Good Times ","Chic",1979,00:08:15,"Soul – R&B"
225,"Hoochie Coochie Man ","Muddy Waters",1954,00:02:51,"Blues"
226,"Moondance ","Van Morrison",1977,00:04:34,"Rock"
227,"Fire and Rain ","James Taylor",1970,00:03:20,"Rock"
228,"Should I Stay or Should I Go ","The Clash",1982,00:03:09,"Indé et Alternatif"
229,"Mannish Boy ","Muddy Waters",1955,00:05:24,"Blues"
230,"Just Like a Woman ","Bob Dylan",1966,00:04:51,"Folk"
231,"Sexual Healing ","Marvin Gaye",1982,00:03:58,"Soul – R&B"
232,"Only the Lonely ","Roy Orbison",1960,00:02:27,"Pop"
233,"We Gotta Get out of This Place ","The Animals",1965,00:03:15,"Pop"
234,"I'll Feel a Whole Lot Better ","The Byrds",1965,00:02:29,"Pop"
235,"I Got a Woman ","Ray Charles",1954,00:02:55,"Soul – R&B"
236,"Everyday ","Buddy Holly and the Crickets",1957,00:02:08,"Rock"
237,"Planet Rock ","Afrika Bambaataa and the Soulsonic Force",1982,00:06:22,"Rap – Hip-Hop"
238,"I Fall to Pieces ","Patsy Cline",1961,00:02:50,"Pop"
239,"The Wanderer ","Dion",1961,00:02:42,"Pop"
240,"Son of a Preacher Man ","Dusty Springfield",1968,00:02:28,"Pop"
241,"Stand! ","Sly and the Family Stone",1969,00:03:07,"Soul – R&B"
242,"Rocket Man ","Elton John",1972,00:04:42,"Pop"
243,"Love Shack ","The B-52's",1989,00:05:21,"Indé et Alternatif"
244,"Gimme Some Lovin' ","The Spencer Davis Group",1966,00:02:56,"Pop"
245,"The Night They Drove Old Dixie Down ","The Band",1969,00:03:31,"Country"
246,"(Your Love Keeps Lifting Me) Higher and Higher ","Jackie Wilson",1967,00:03:01,"Rock"
247,"Hot Fun in the Summertime ","Sly and the Family Stone",1969,00:02:37,"Pop"
248,"Rapper's Delight ","The Sugarhill Gang",1979,00:03:59,"Electro"
249,"Chain of Fools ","Aretha Franklin",1967,00:02:43,"Soul – R&B"
250,"Paranoid ","Black Sabbath",1970,00:02:48,"Rock"
251,"Mack the Knife ","Bobby Darin",1959,00:03:05,"Jazz"
252,"Money Honey ","The Drifters",1953,00:02:57,"Soul – R&B"
253,"All the Young Dudes ","Mott the Hoople",1972,00:03:31,"Rock"
254,"Highway to Hell ","AC/DC",1979,00:03:28,"Hard Rock – Metal"
255,"Heart of Glass ","Blondie",1979,00:04:12,"Pop"
256,"Paranoid Android ","Radiohead",1997,00:06:27,"Indé et Alternatif"
257,"Wild Thing ","The Troggs",1965,00:03:55,"Rock"
258,"I Can See for Miles ","The Who",1967,00:04:13,"Hard Rock – Metal"
259,"Hallelujah ","Jeff Buckley",1994,00:06:53,"Indé et Alternatif"
260,"Oh, What a Night ","The Dells",1956,00:02:51,"Jazz"
261,"Higher Ground ","Stevie Wonder",1973,00:03:42,"Soul – R&B"
262,"Ooo Baby Baby ","Smokey Robinson and the Miracles",1965,00:02:44,"Soul – R&B"
263,"He's a Rebel ","The Crystals",1962,00:02:27,"Pop"
264,"Sail Away ","Randy Newman",1972,00:03:19,"Pop"
265,"Tighten Up ","Archie Bell and the Drells",1968,00:03:11,"Soul – R&B"
266,"Walking in the Rain ","The Ronettes",1964,00:03:10,"Pop"
267,"Personality Crisis ","The New York Dolls",1973,00:04:03,"Rock"
268,"Sunday Bloody Sunday ","U2",1983,00:04:39,"Rock"
269,"Roadrunner ","The Modern Lovers",1976,00:04:06,"Rock"
270,"He Stopped Loving Her Today ","George Jones",1980,00:03:21,"Country"
271,"Sloop John B ","The Beach Boys",1966,00:03:01,"Rock"
272,"Sweet Little Sixteen ","Chuck Berry",1958,00:03:01,"Rock"
273,"Something ","The Beatles",1969,00:03:02,"Rock"
274,"Somebody to Love ","Jefferson Airplane",1967,00:02:54,"Rock"
275,"Born in the U.S.A. ","Bruce Springsteen",1984,00:04:39,"Rock"
276,"I'll Take You There ","The Staple Singers",1972,00:03:16,"Soul – R&B"
277,"Ziggy Stardust ","David Bowie",1972,00:03:14,"Pop"
278,"Pictures of You ","The Cure",1990,00:07:28,"Indé et Alternatif"
279,"Chapel of Love ","The Dixie Cups",1964,00:02:47,"Pop"
280,"Ain't No Sunshine ","Bill Withers",1971,00:02:06,"Soul – R&B"
281,"You Are the Sunshine of My Life ","Stevie Wonder",1973,00:02:50,"Soul – R&B"
282,"Help Me ","Joni Mitchell",1974,00:03:21,"Pop"
283,"Call Me ","Blondie",1980,00:03:29,"Rock"
284,"(What's So Funny 'Bout) Peace, Love and Understanding ","Elvis Costello and the Attractions",1974,00:03:33,"Pop"
285,"Smokestack Lightning ","Howlin' Wolf",1956,00:03:05,"Blues"
286,"Summer Babe (Winter Version) ","Pavement",1992,00:03:16,"Indé et Alternatif"
287,"Walk This Way ","Run–DMC",1986,00:05:11,"Rap – Hip-Hop"
288,"Money (That's What I Want) ","Barrett Strong",1959,00:02:39,"Soul – R&B"
289,"Can't Buy Me Love ","The Beatles",1964,00:02:11,"Rock"
290,"Stan ","Eminem feat. Dido",2000,00:06:44,"Rap – Hip-Hop"
291,"She's Not There ","The Zombies",1964,00:02:25,"Rock"
292,"Train in Vain ","The Clash",1980,00:03:12,"Indé et Alternatif"
293,"Tired of Being Alone ","Al Green",1971,00:02:52,"Soul – R&B"
294,"Black Dog ","Led Zeppelin",1971,00:04:55,"Rock"
295,"Street Fighting Man ","The Rolling Stones",1968,00:05:14,"Pop"
296,"Get Up, Stand Up ","Bob Marley and the Wailers",1973,00:03:46,"Reggae"
297,"Heart of Gold ","Neil Young",1971,00:03:07,"Rock"
298,"One Way or Another ","Blondie",1979,00:03:36,"Pop"
299,"Sign o' the Times ","Prince",1987,00:05:02,"Pop"
300,"Like a Prayer ","Madonna",1988,00:05:40,"Pop"
301,"Da Ya Think I'm Sexy? ","Rod Stewart",1978,00:05:31,"Rock"
302,"Blue Eyes Crying in the Rain ","Willie Nelson",1975,00:02:18,"Country"
303,"Ruby Tuesday ","The Rolling Stones",1967,00:03:16,"Rock"
304,"With a Little Help from My Friends ","The Beatles",1967,00:02:44,"Rock"
305,"Say It Loud – I'm Black and I'm Proud ","James Brown",1968,00:04:46,"Soul – R&B"
306,"That's Entertainment ","The Jam",1980,00:03:55,"Pop"
307,"Why Do Fools Fall In Love ","Frankie Lymon and the Teenagers",1956,00:02:21,"Pop"
308,"Lonely Teardrops ","Jackie Wilson",1958,00:02:42,"Soul – R&B"
309,"What's Love Got to Do with It ","Tina Turner",1984,00:03:46,"Pop"
310,"Iron Man ","Black Sabbath",1971,00:05:54,"Rock"
311,"Wake Up Little Susie ","The Everly Brothers",1969,00:01:56,"Rock"
312,"In Dreams ","Roy Orbison",1963,00:02:49,"Rock"
313,"I Put a Spell on You ","Screamin' Jay Hawkins",1956,00:02:26,"Rock"
314,"Comfortably Numb ","Pink Floyd",1979,00:06:22,"Rock"
315,"Don't Let Me Be Misunderstood ","The Animals",1965,00:02:25,"Pop"
316,"Wish You Were Here ","Pink Floyd",1975,00:05:34,"Rock"
317,"Many Rivers to Cross ","Jimmy Cliff",1969,00:02:41,"Reggae"
318,"Alison ","Elvis Costello",1977,00:03:24,"Rock"
319,"School's Out ","Alice Cooper",1972,00:03:30,"Pop"
320,"Heartbreaker ","Led Zeppelin",1969,00:04:14,"Rock"
321,"Cortez the Killer ","Neil Young",1975,00:07:30,"Rock"
322,"Fight the Power ","Public Enemy",1989,00:04:44,"Rap – Hip-Hop"
323,"Dancing Barefoot ","Patti Smith Group",1979,00:04:16,"Rock"
324,"Baby Love ","The Supremes",1964,00:02:36,"Soul – R&B"
325,"Good Lovin' ","The Young Rascals",1966,00:02:30,"Soul – R&B"
326,"Get Up (I Feel Like Being a) Sex Machine ","James Brown",1970,00:02:49,"Soul – R&B"
327,"For Your Precious Love ","Jerry Butler and the Impressions",1958,00:02:45,"Pop"
328,"The End ","The Doors",1967,00:06:30,"Rock"
329,"That's the Way of the World ","Earth, Wind and Fire",1975,00:05:45,"Soul – R&B"
330,"We Will Rock You ","Queen",1977,00:02:02,"Rock"
331,"I Can't Make You Love Me ","Bonnie Raitt",1991,00:05:33,"Pop"
332,"Subterranean Homesick Blues ","Bob Dylan",1965,00:02:19,"Rock"
333,"Spirit in the Sky ","Norman Greenbaum",1969,00:04:02,"Rock"
334,"Wild Horses ","The Rolling Stones",1971,00:05:41,"Rock"
335,"Sweet Jane ","The Velvet Underground",1970,00:04:09,"Pop"
336,"Walk This Way ","Aerosmith",1975,00:03:41,"Rock"
337,"Beat It ","Michael Jackson",1982,00:04:18,"Pop"
338,"Maybe I'm Amazed ","Paul McCartney",1970,00:03:51,"Rock"
339,"You Keep Me Hangin' On ","The Supremes",1966,00:02:45,"Soul – R&B"
340,"Baba O'Riley ","The Who",1971,00:05:01,"Pop"
341,"The Harder They Come ","Jimmy Cliff",1972,00:03:10,"Reggae"
342,"Runaround Sue ","Dion",1961,00:02:47,"Pop"
343,"Jim Dandy ","LaVern Baker",1956,00:02:15,"Pop"
344,"Piece of My Heart ","Big Brother and the Holding Company",1968,00:04:13,"Rock"
345,"La bamba ","Ritchie Valens",1958,00:02:10,"Rock"
346,"California Love ","2Pac feat. Dr. Dre",1995,00:04:44,"Rap – Hip-Hop"
347,"Candle in the Wind ","Elton John",1974,00:03:50,"Pop"
348,"That Lady (Partie 1 et 2) ","The Isley Brothers",1973,00:05:36,"Soul – R&B"
349,"Spanish Harlem ","Ben E. King",1961,00:02:52,"Soul – R&B"
350,"The Loco-Motion ","Little Eva",1962,00:02:28,"Pop"
351,"The Great Pretender ","The Platters",1955,00:02:37,"Soul – R&B"
352,"All Shook Up ","Elvis Presley",1957,00:01:58,"Pop"
353,"Tears in Heaven ","Eric Clapton",1992,00:04:31,"Rock"
354,"Watching the Detectives ","Elvis Costello",1977,00:03:44,"Rock"
355,"Bad Moon Rising ","Creedence Clearwater Revival",1969,00:02:19,"Country"
356,"Sweet Dreams (Are Made of This) ","Eurythmics",1983,00:03:36,"Pop"
357,"Little Wing ","The Jimi Hendrix Experience",1967,00:02:25,"Rock"
358,"Nowhere to Run ","Martha and the Vandellas",1965,00:02:56,"Soul – R&B"
359,"Got My Mojo Working ","Muddy Waters",1957,00:02:52,"Blues"
360,"Killing Me Softly with His Song ","Roberta Flack",1973,00:04:46,"Pop"
361,"Complete Control ","The Clash",1977,00:03:12,"Indé et Alternatif"
362,"All You Need Is Love ","The Beatles",1967,00:03:47,"Rock"
363,"The Letter ","The Box Tops",1967,00:01:52,"Pop"
364,"Highway 61 Revisited ","Bob Dylan",1965,00:03:30,"Rock"
365,"Unchained Melody ","The Righteous Brothers",1965,00:03:37,"Pop"
366,"How Deep Is Your Love ","Bee Gees",1977,00:04:02,"Pop"
367,"White Room ","Cream",1968,00:04:58,"Pop"
368,"Personal Jesus ","Depeche Mode",1989,00:03:45,"Rock"
369,"I'm a Man ","Bo Diddley",1955,00:03:01,"Rock"
370,"The Wind Cries Mary ","The Jimi Hendrix Experience",1967,00:03:20,"Pop"
371,"I Can't Explain ","The Who",1965,00:02:26,"Rock"
372,"Marquee Moon ","Television",1977,00:10:38,"Rock"
373,"Wonderful World ","Sam Cooke",1960,00:02:06,"Soul – R&B"
374,"Brown Eyed Handsome Man ","Chuck Berry",1956,00:02:17,"Electro"
375,"Another Brick in the Wall Part 2 ","Pink Floyd",1979,00:05:29,"Rock"
376,"Fake Plastic Trees ","Radiohead",1994,00:04:50,"Indé et Alternatif"
377,"Hit the Road Jack ","Ray Charles",1961,00:01:58,"Jazz"
378,"Pride (In the Name of Love) ","U2",1984,00:03:48,"Rock"
379,"Radio Free Europe ","R.E.M.",1981,00:03:44,"Rock"
380,"Goodbye Yellow Brick Road ","Elton John",1973,00:03:12,"Rock"
381,"Tell It Like It Is ","Aaron Neville",1966,00:03:11,"Pop"
382,"Bitter Sweet Symphony ","The Verve",1997,00:05:57,"Pop"
383,"Whipping Post ","The Allman Brothers Band",1969,00:05:11,"Jazz"
384,"Ticket to Ride ","The Beatles",1965,00:03:10,"Rock"
385,"Ohio ","Crosby, Stills, Nash and Young",1970,00:03:00,"Rock"
386,"I Know You Got Soul ","Eric B. and Rakim",1987,00:01:58,"Soul – R&B"
387,"Tiny Dancer ","Elton John",1972,00:06:15,"Pop"
388,"Roxanne ","The Police",1978,00:03:08,"Rock"
389,"Just My Imagination (Running Away with Me) ","The Temptations",1971,00:03:49,"Blues"
390,"Baby I Need Your Loving ","The Four Tops",1964,00:02:59,"Soul – R&B"
391,"Band of Gold ","Freda Payne",1970,00:03:02,"Pop"
392,"O-o-h Child ","Five Stairsteps",1970,00:03:17,"Soul – R&B"
393,"Summer in the City ","The Lovin' Spoonful",1966,00:02:42,"Pop"
394,"Can't Help Falling in Love ","Elvis Presley",1961,00:02:57,"Pop"
395,"Remember (Walkin' in the Sand) ","The Shangri-Las",1964,00:02:16,"Pop"
396,"Thirteen ","Big Star",1972,00:02:34,"Pop"
397,"(Don't Fear) The Reaper ","Blue Öyster Cult",1976,00:05:08,"Rock"
398,"Sweet Home Alabama ","Lynyrd Skynyrd",1974,00:04:43,"Pop"
399,"Enter Sandman ","Metallica",1991,00:05:33,"Hard Rock – Metal"
400,"Kicks ","Paul Revere and the Raiders",1966,00:02:59,"Pop"
401,"Tonight's the Night ","The Shirelles",1961,00:01:59,"Soul – R&B"
402,"Thank You (Falettinme Be Mice Elf Agin) ","Sly and the Family Stone",1969,00:04:47,"Soul – R&B"
403,"C'mon Everybody ","Eddie Cochran",1958,00:01:57,"Pop"
404,"Visions of Johanna ","Bob Dylan",1966,00:07:34,"Folk"
405,"We've Only Just Begun ","The Carpenters",1970,00:03:04,"Pop"
406,"I Believe I Can Fly ","R. Kelly",1996,00:05:21,"Rap – Hip-Hop"
407,"In Bloom ","Nirvana",1992,00:04:14,"Rock"
408,"Sweet Emotion ","Aerosmith",1975,00:04:34,"Rock"
409,"Crossroads ","Cream",1968,00:04:15,"Pop"
410,"Monkey Gone to Heaven ","Pixies",1989,00:02:58,"Indé et Alternatif"
411,"I Feel Love ","Donna Summer",1977,00:05:55,"Soul – R&B"
412,"Ode to Billie Joe ","Bobbie Gentry",1967,00:04:15,"Folk"
413,"The Girl Can't Help It ","Little Richard",1956,00:02:29,"Rock"
414,"Young Blood ","The Coasters",1957,00:02:17,"Soul – R&B"
415,"Can't Help Myself ","The Four Tops",1965,00:02:46,"Soul – R&B"
416,"The Boys of Summer ","Don Henley",1984,00:04:48,"Rock"
417,"Fuck tha Police ","N.W.A",1988,00:05:43,"Rap – Hip-Hop"
418,"Suite: Judy Blue Eyes ","Crosby, Stills & Nash",1969,00:07:24,"Rock"
419,"Nuthin' but a 'G' Thang ","Dr. Dre",1992,00:03:55,"Rap – Hip-Hop"
420,"It's Your Thing ","The Isley Brothers",1969,00:02:46,"Soul – R&B"
421,"Piano Man ","Billy Joel",1973,00:05:39,"Pop"
422,"Lola ","The Kinks",1973,00:04:09,"Rock"
423,"Blue Suede Shoes ","Elvis Presley",1956,00:01:58,"Rock"
424,"Tumbling Dice ","The Rolling Stones",1972,00:03:46,"Rock"
425,"William, It Was Really Nothing ","The Smiths",1984,00:02:11,"Indé et Alternatif"
426,"Smoke on the Water ","Deep Purple",1973,00:05:37,"Rock"
427,"New Year's Day ","U2",1983,00:05:35,"Rock"
428,"Devil with a Blue Dress On / Good Golly, Miss Molly ","Mitch Ryder and the Detroit Wheels",1966,00:03:30,"Pop"
429,"Everybody Needs Somebody to Love ","Solomon Burke",1964,00:02:51,"Soul – R&B"
430,"(White Man) In Hammersmith Palais ","The Clash",1978,00:04:00,"Indé et Alternatif"
431,"Ain't That a Shame ","Fats Domino",1955,00:02:26,"Rock"
432,"Midnight Train to Georgia ","Gladys Knight and the Pips",1973,00:04:39,"Pop"
433,"Ramble On ","Led Zeppelin",1969,00:04:28,"Rock"
434,"Mustang Sally ","Wilson Pickett",1966,00:03:07,"Pop"
435,"Beast of Burden ","The Rolling Stones",1978,00:04:25,"Rock"
436,"Alone Again Or ","Love",1968,00:03:13,"Rock"
437,"Love Me Tender ","Elvis Presley",1956,00:02:48,"Pop"
438,"I Wanna Be Your Dog ","The Stooges",1969,00:03:10,"Pop"
439,"Pink Houses ","John Cougar Mellencamp",1983,00:06:11,"Rock"
440,"Push It ","Salt-N-Pepa",1987,00:04:33,"Rap – Hip-Hop"
441,"Come Go with Me ","The Del-Vikings",1956,00:02:43,"Pop"
442,"Keep A-Knockin' ","Little Richard",1957,00:02:23,"Pop"
443,"I Shot the Sheriff ","Bob Marley and the Wailers",1973,00:04:41,"Reggae"
444,"I Got You Babe ","Sonny and Cher",1965,00:03:10,"Pop"
445,"Come as You Are ","Nirvana",1992,00:03:38,"Rock"
446,"Pressure Drop ","Toots and the Maytals",1970,00:02:56,"Reggae"
447,"Leader of the Pack ","The Shangri-Las",1964,00:02:50,"Pop"
448,"Heroin ","The Velvet Underground",1967,00:07:13,"Rock"
449,"Penny Lane ","The Beatles",1967,00:03:00,"Rock"
450,"By the Time I Get to Phoenix ","Glen Campbell",1967,00:02:44,"Country"
451,"The Twist ","Chubby Checker",1960,00:02:34,"Pop"
452,"Cupid ","Sam Cooke",1961,00:02:37,"Soul – R&B"
453,"Paradise City ","Guns N' Roses",1989,00:06:48,"Rock"
454,"My Sweet Lord ","George Harrison",1971,00:04:41,"Rock"
455,"All Apologies ","Nirvana",1993,00:04:23,"Hard Rock – Metal"
456,"Stagger Lee ","Lloyd Price",1958,00:02:23,"Pop"
457,"Sheena Is a Punk Rocker ","Ramones",1977,00:02:49,"Pop"
458,"Soul Man ","Sam & Dave",1967,00:02:39,"Soul – R&B"
459,"Rollin' Stone ","Muddy Waters",1950,00:03:06,"Pop"
460,"One Fine Day ","The Chiffons",1963,00:02:07,"Pop"
461,"Kiss ","Prince and the Revolution",1986,00:03:12,"Rock"
462,"Respect Yourself ","The Staple Singers",1971,00:04:56,"Gospel"
463,"Rain ","The Beatles",1966,00:03:01,"Rock"
464,"Standing in the Shadows of Love ","The Four Tops",1966,00:01:02,"Soul – R&B"
465,"Surrender ","Cheap Trick",1978,00:04:13,"Rock"
466,"Runaway ","Del Shannon",1961,00:02:17,"Rock"
467,"Welcome to the Jungle ","Guns N' Roses",1987,00:04:34,"Rock"
468,"Search and Destroy ","The Stooges",1987,00:03:28,"Indé et Alternatif"
469,"It's Too Late ","Carole King",1971,00:03:53,"Pop"
470,"Free Man in Paris ","Joni Mitchell",1971,00:03:59,"Rock"
471,"On the Road Again ","Willie Nelson",1980,00:02:34,"Country"
472,"Where Did Our Love Go ","The Supremes",1964,00:02:31,"Soul – R&B"
473,"Do Right Woman – Do Right Man ","Aretha Franklin",1967,00:03:14,"Soul – R&B"
474,"One Nation Under a Groove ","Funkadelic",1978,00:07:30,"Soul – R&B"
475,"Sabotage ","Beastie Boys",1994,00:02:58,"Rap – Hip-Hop"
476,"I Want to Know What Love Is ","Foreigner",1984,00:05:00,"Hard Rock – Metal"
477,"Super Freak ","Rick James",1981,00:03:24,"Soul – R&B"
478,"White Rabbit ","Jefferson Airplane",1967,00:03:15,"Rock"
479,"Lady Marmalade ","LaBelle",1974,00:03:56,"Soul – R&B"
480,"Into the Mystic ","Van Morrison",1970,00:03:27,"Rock"
481,"Young Americans ","David Bowie",1975,00:05:13,"Pop"
482,"I'm Eighteen ","Alice Cooper",1970,00:02:58,"Pop"
483,"Just Like Heaven ","The Cure",1987,00:03:32,"Indé et Alternatif"
484,"I Love Rock 'n' Roll ","Joan Jett and the Blackhearts",1982,00:05:06,"Rock"
485,"Graceland ","Paul Simon",1986,00:04:51,"Pop"
486,"How Soon Is Now? ","The Smiths",1985,00:06:48,"Indé et Alternatif"
487,"Under the Boardwalk ","The Drifters",1964,00:02:38,"Soul – R&B"
488,"Rhiannon ","Fleetwood Mac",1964,00:07:53,"Rock"
489,"I Will Survive ","Gloria Gaynor",1978,00:03:16,"Pop"
490,"Brown Sugar ","The Rolling Stones",1971,00:03:48,"Rock"
491,"You Don't Have to Say You Love Me ","Dusty Springfield",1966,00:02:49,"Pop"
492,"Running on Empty ","Jackson Browne",1978,00:05:30,"Pop"
493,"Then He Kissed Me ","The Crystals",1963,00:02:33,"Pop"
494,"Desperado ","Eagles",1973,00:03:33,"Pop"
495,"Shop Around ","Smokey Robinson and the Miracles",1960,00:02:49,"Soul – R&B"
496,"Miss You ","The Rolling Stones",1978,00:04:48,"Rock"
497,"Buddy Holly ","Weezer",1994,00:02:39,"Pop"
498,"Rainy Night in Georgia ","Brook Benton",1969,00:03:37,"Soul – R&B"
499,"The Boys Are Back in Town ","Thin Lizzy",1976,00:04:26,"Rock"
500,"More Than a Feeling ","Boston",1976,00:04:45,"Rock"
